25600 2
1600 3
1600 4
1600 5
1600 4
1600 3
1600 4
1600 3
1600 2
11200 2
1600 3
1600 4
1600 5
1600 4
1600 3
1600 2
16000 2
1600 3
1600 4
1600 5
1600 4
1600 3
1600 4
1600 2
1600 2
11200 1
1600 1
1600 1
1600 1
1600 3
1600 1
1600 2
16000 2
1600 3
1600 4
1600 5
1600 4
1600 3
3200 4
1600 2
1600 2
11200 1
1600 1
1600 1
800 lower_half
2400 7
800 recover_half
2400 6
16000 2
1600 3
1600 4
1600 5
1600 4
1600 3
1600 4
1600 3
1600 2
12800 1
1600 2
1600 3
3200 1
3200 2
19200 5
3200 6
800 lower_half
2400 7
3200 7
3200 7
800 recover_half
2400 6
3200 3
11200 1
1600 6
3200 6
3200 3
3200 4
3200 2
6400 4
1600 lower_half
4800 7
3200 7
3200 7
800 recover_half
2400 6
3200 3
3200 3
1600 3
1600 3
1600 2
1600 1
3200 2
3200 2
12800 2
3200 4
3200 5
3200 5
1600 6
1600 6
1600 6
1600 6
1600 4
1600 4
3200 4
1600 5
1600 5
1600 5
1600 5
1600 3
1600 3
3200 3
1600 4
1600 4
12800 2
3200 4
3200 5
3200 5
1600 6
1600 6
1600 6
1600 6
1600 4
1600 4
3200 4
1600 5
1600 5
1600 5
1600 5
1600 3
1600 3
3200 3
1600 4
1600 4
12800 4
3200 5
3200 6
800 up_key
2400 2
3200 2
1600 2
1600 2
400 down_key
1200 1
1600 1
3200 5
11200 4
1600 6
800 up_key
2400 1
800 down_key
2400 5
3200 6
3200 2
3200 2
3200 4
3200 5
3200 5
1600 6
1600 6
1600 6
1600 6
1600 4
1600 4
3200 4
1600 5
1600 5
1600 5
1600 5
1600 3
1600 3
3200 3
1600 4
1600 4
