2400 1
300 2
300 3
900 3
900 5
600 5
600 3
300 2
900 1
600 6
600 3
300 2
900 5
600 1
1800 5
600 6
500 up_key
100 3
300 2
900 3
600 5
300 3
300 5
500 down_key
100 6
500 up_key
100 3
600 5
300 3
300 5
500 down_key
2500 3
600 5
600 6
500 up_key
100 3
300 2
900 1
500 down_key
100 7
1200 6
600 5
600 3
600 5
300 2
900 5
600 1
1200 3
600 5
600 6
500 up_key
100 3
300 2
900 1
600 2
900 3
300 5
600 3
600 3
100 down_key
3500 3
600 5
600 6
500 up_key
100 3
300 2
900 1
500 down_key
100 7
1200 6
600 5
600 3
600 5
300 6
900 7
600 6
1200 3
600 5
600 6
500 up_key
100 3
300 2
900 1
500 down_key
100 7
900 7
100 up_key
200 1
100 down_key
500 7
600 6